---
startPose:
  x: 63.0
  y: 12.0
  heading: 0.0
startTangent: 3.141592653589793
waypoints:
- position:
    x: 24.0
    y: 12.0
  heading: -0.7853981633974483
  tangent: 3.141592653589793
  interpolationType: "SPLINE"
- position:
    x: 18.0
    y: 6.0
  heading: 0.0
  tangent: 0.0
  interpolationType: "CONSTANT"
resolution: 0.25
version: 1
