---
startPose:
  x: 30.0
  y: 5.0
  heading: 3.9269908169872414
startTangent: 0.7853981633974483
waypoints:
- position:
    x: 54.0
    y: 12.0
  heading: 3.141592653589793
  tangent: 0.0
  interpolationType: "SPLINE"
resolution: 0.25
version: 1
