---
startPose:
  x: 31.0
  y: 5.5
  heading: 0.7853981633974483
startTangent: 0.7853981633974483
waypoints:
- position:
    x: 63.3
    y: 12.0
  heading: 0.0
  tangent: 0.0
  interpolationType: "TANGENT"
resolution: 0.25
version: 1
