---
startPose:
  x: 65.5
  y: 12.0
  heading: 0.0
startTangent: 3.141592653589793
waypoints:
- position:
    x: 30.65
    y: 5.75
  heading: 0.0
  tangent: 3.9269908169872414
  interpolationType: "TANGENT"
resolution: 0.25
version: 1
