---
startPose:
  x: 36.0
  y: 55.0
  heading: 1.5707963267948966
startTangent: -1.5707963267948966
waypoints:
- position:
    x: 36.0
    y: 24.0
  heading: 0.0
  tangent: -1.5707963267948966
  interpolationType: "TANGENT"
- position:
    x: 31.0
    y: 5.5
  heading: 0.0
  tangent: 3.9269908169872414
  interpolationType: "TANGENT"
resolution: 0.25
version: 1
