---
startPose:
  x: -65.0
  y: 12.0
  heading: 3.141592653589793
startTangent: 0.0
waypoints:
- position:
    x: -30.65
    y: 5.75
  heading: 3.141592653589793
  tangent: -0.7853981633974483
  interpolationType: "TANGENT"
resolution: 0.25
version: 1
