---
startPose:
  x: 31.0
  y: -65.0
  heading: 1.5271630954950384
startTangent: 3.141592653589793
waypoints:
- position:
    x: 12.0
    y: -65.0
  heading: 0.0
  tangent: 3.141592653589793
  interpolationType: "CONSTANT"
resolution: 0.25
version: 1
