---
startPose:
  x: -41.0
  y: 64.0
  heading: 0.0
startTangent: 4.71238898038469
waypoints:
- position:
    x: -36.0
    y: 40.0
  heading: 0.0
  tangent: 4.71238898038469
  interpolationType: "TANGENT"
- position:
    x: -36.0
    y: 24.0
  heading: 0.0
  tangent: 4.71238898038469
  interpolationType: "TANGENT"
- position:
    x: -30.0
    y: 6.0
  heading: 0.0
  tangent: -0.7853981633974483
  interpolationType: "TANGENT"
resolution: 0.25
version: 1
