---
startPose:
  x: 36.0
  y: 65.0
  heading: 3.141592653589793
startTangent: -1.5707963267948966
waypoints:
- position:
    x: 32.0
    y: 7.0
  heading: 3.9269908169872414
  tangent: -1.5707963267948966
  interpolationType: "LINEAR"
resolution: 0.25
version: 1
