---
startPose:
  x: 12.0
  y: 24.0
  heading: 3.141592653589793
startTangent: 3.141592653589793
waypoints:
- position:
    x: 8.0
    y: 24.0
  heading: 0.0
  tangent: 3.141592653589793
  interpolationType: "CONSTANT"
resolution: 0.25
version: 1
