---
startPose:
  x: 12.0
  y: 65.0
  heading: -1.5707963267948966
startTangent: -1.5707963267948966
waypoints:
- position:
    x: 12.0
    y: 24.0
  heading: -3.141592653589793
  tangent: -1.5707963267948966
  interpolationType: "LINEAR"
resolution: 0.25
version: 1
