---
startPose:
  x: 36.0
  y: 65.0
  heading: 3.141592653589793
startTangent: 4.71238898038469
waypoints:
- position:
    x: 36.0
    y: 0.0
  heading: 0.0
  tangent: 4.71238898038469
  interpolationType: "CONSTANT"
resolution: 0.25
version: 1
