---
startPose:
  x: 23.0
  y: 8.0
  heading: -1.5707963267948966
startTangent: -1.5707963267948966
waypoints:
- position:
    x: 23.0
    y: 13.0
  heading: 0.0
  tangent: -1.5707963267948966
  interpolationType: "CONSTANT"
resolution: 0.25
version: 1
