---
maxVel: 15.0
maxAccel: 20.0
maxAngVel: 3.141592653589793
maxAngAccel: 3.141592653589793
robotLength: 17.0
robotWidth: 18.0
driveType: "MECANUM"
trackWidth: 16.5
wheelBase: 13.5
lateralMultiplier: 1.0
