---
maxVel: 60.0
maxAccel: 80.0
maxAngVel: 6.283185307179586
maxAngAccel: 4.363323129985823
robotLength: 17.75
robotWidth: 14.875
driveType: "MECANUM"
trackWidth: 12.75
wheelBase: 13.375
lateralMultiplier: 1.0
