---
startPose:
  x: 13.0
  y: 25.0
  heading: 3.141592653589793
startTangent: 3.141592653589793
waypoints:
- position:
    x: 7.0
    y: 25.0
  heading: 0.0
  tangent: 3.141592653589793
  interpolationType: "CONSTANT"
resolution: 0.25
version: 1
