---
startPose:
  x: -62.0
  y: 14.0
  heading: 3.141592653589793
startTangent: 3.141592653589793
waypoints:
- position:
    x: -59.0
    y: 14.0
  heading: 3.141592653589793
  tangent: 3.141592653589793
  interpolationType: "SPLINE"
resolution: 0.25
version: 1
