---
startPose:
  x: -20.0
  y: 12.0
  heading: 3.141592653589793
startTangent: 3.141592653589793
waypoints:
- position:
    x: -62.0
    y: 12.0
  heading: 3.141592653589793
  tangent: 3.141592653589793
  interpolationType: "TANGENT"
resolution: 0.25
version: 1
