---
startPose:
  x: -65.0
  y: -35.0
  heading: 0.0
startTangent: 1.5707963267948966
waypoints:
- position:
    x: -65.0
    y: -20.0
  heading: 0.0
  tangent: 1.5707963267948966
  interpolationType: "TANGENT"
- position:
    x: -20.0
    y: -10.0
  heading: 0.0
  tangent: 0.0
  interpolationType: "CONSTANT"
- position:
    x: -10.0
    y: -15.0
  heading: 0.0
  tangent: -0.5235987755982988
  interpolationType: "TANGENT"
resolution: 0.25
version: 1
